"","V1","V2","V3","V4"
"653635",0.0215224603955036,0.0019218110815996,3.42950452864928e-05,0.97652143347761
"729737",0.0135478254325385,0.000837991937916566,7.92348572222155e-06,0.985606259143823
"102723897",0.0108746658183197,0.0783087404946306,0.000715796324522367,0.910100797362527
"100132287",0.766467824107032,6.08204599444372e-05,0.00012688720723025,0.233344468225793
"102465432",0.997272273965707,1.1360925879896e-06,0.000271667984627531,0.00245492195707775
"100133331",0.663887820344868,0.000245983962365415,0.000290232840829873,0.335575962851936
"643837",2.70288140370679e-06,0.000192641596887089,9.52117282302188e-10,0.999804654569592
"148398",1.44836797077424e-06,0.000315076770387051,1.37165772096897e-09,0.999683473489984
"26155",0.0071660778156572,0.00991446075724517,5.68906739819045e-05,0.982862570753116
"339451",0.994977684462132,6.01271599999646e-06,0.000793460469333463,0.00422284235253472
"57801",0.989314546342653,2.01885875667619e-05,0.00952259372291976,0.00114267134686021
"9636",5.24793523364441e-07,0.000306376836920122,1.4018897701742e-09,0.999693096967667
"375790",0.131311629252112,0.00116811003833761,0.000113674292363206,0.867406586417187
"54991",1.30499618237311e-10,0.000978439483219574,9.90831909887581e-11,0.999021560287198
"51150",0.97011368524157,0.000379053462623831,0.0137141007961634,0.0157931604996428
"126792",0.0171138077210379,0.000296188780059462,4.10518953726674e-06,0.982585898309365
"118424",5.54094533792698e-07,0.000292804860701341,2.81037231742689e-09,0.999706638234393
"6339",2.71692181737656e-10,0.411129655391572,3.10282297511553e-08,0.588870313308506
"116983",0.000460624868757151,0.111262795158358,4.58957967257582e-05,0.888230684176159
"126789",1.66440273345847e-09,0.000488343613232351,8.82115387666198e-11,0.999511654634153
"54973",0.617948438266209,0.00030532235189461,0.000440623473419583,0.381305615908477
"80772",0.0761834772074108,0.00497386493994666,0.000250776094816505,0.918591881757826
"83756",0.000450429785394919,0.0277444997074359,1.50213149587993e-05,0.971790049192211
"1855",0.956912297462827,3.65415093890129e-05,0.000499453788452879,0.0425517072393316
"54587",0.412424967873246,0.00142124463338945,0.00061186261078682,0.585541924882578
"54998",0.997219867860067,1.7695599094016e-06,0.00235186040028185,0.000426502179741416
"81669",0.0216882318611106,0.0214553501705516,0.000431102047614569,0.956425315920723
"148413",0.998503091290771,4.98805706943437e-07,0.000292837110837482,0.00120357279268482
"55052",0.998121532768306,5.1486503676609e-07,0.00018930846806006,0.00168864389859741
"64856",0.977266654369438,9.17132086164919e-05,0.0201096075517076,0.00253202487023798
"219293",1.52171700868065e-05,0.000924886613890942,2.28774531092111e-08,0.999059873338569
"83858",1.5703722843208e-05,0.000552059734056094,9.69773096515776e-09,0.99943222684537
"55210",2.78848242204579e-10,0.00196554465625143,2.43826316586697e-10,0.998034454821074
"339453",1.71731497520607e-10,0.00350638877986441,3.78724502715352e-10,0.99649361066968
"29101",0.999118112595621,2.61590520288582e-07,0.000242748467303258,0.000638877346555118
"643988",0.112724722650567,0.000341519917252763,2.83843679690832e-05,0.886905373064211
"142678",1.34657094247251e-08,0.000958086377488216,3.15763547118683e-10,0.999041899841039
"8510",0.96219150935268,7.18337037757523e-05,0.001096484904286,0.036640172039258
"984",0.996697900308523,4.47675080799896e-06,0.00170987899610813,0.00158774394456132
"728661",0.0663041378024401,0.00075595716315347,3.44462752964779e-05,0.93290545875911
"8511",0.928946274219509,4.09752862918681e-05,0.000331864956382971,0.0706808855378162
"728642",0.979292223392384,0.00010990418411778,0.00414721153507605,0.0164506608884227
"9906",0.981191187779382,1.12664124770529e-05,0.000364468614935443,0.0184330771932058
"65220",0.872923608973166,3.87398765460598e-05,0.000244931213687501,0.1267927199366
"2782",0.997115091674448,7.55315340325922e-07,0.000167146115047974,0.00271700689516372
"339456",2.13150374739051e-12,0.95566650470531,4.87707385745843e-08,0.0443334465218202
"5590",2.12822642026165e-08,0.000485686177193933,2.40204349009121e-10,0.999514292300338
"100506504",0.0606733754031153,0.438320818953084,0.035466008748529,0.465539796895272
"199990",0.996456799851968,4.97984167572096e-06,0.00145979214617115,0.00207842816018527
"6497",0.000825145692397676,0.619251893779035,0.00113303644717398,0.378789924081393
"79906",0.644462119991737,0.000135355177225211,0.000416201312947093,0.354986323518091
"11079",0.990829422686812,3.47079668654056e-05,0.00395552407198881,0.00518034527433332
"5192",0.995088976448492,4.64455449670594e-06,0.0013100541246185,0.00359632487239284
"55229",0.860085198528786,0.000451517198975255,0.00171876471060739,0.137744519561631
"127281",2.4128711221203e-11,0.000321574191006637,1.95162172385404e-11,0.999678425765348
"440556",0.999152934296565,2.09455135137503e-07,0.000190118055476383,0.00065673819282378
"63976",0.000324355855826377,0.0188805234506465,4.77201100832819e-06,0.980790348682519
"27237",0.997050919353711,8.23857903183454e-07,0.00017468040850798,0.00277357637987803
"1953",0.997262389126704,3.28584544668734e-06,0.00133563308044331,0.00139869194740578
"127262",0.999346179602374,1.42191136439667e-07,0.000170589632154293,0.000483088574335929
"49856",0.0591728241338049,0.0253357674646821,0.00138476930748002,0.914106639094033
"57212",0.994726044977365,4.61065543225481e-06,0.00475033560475739,0.00051900876244553
"148870",0.993624836063111,5.53214283833936e-06,0.000541038094892369,0.00582859369915837
"388588",1.80300079721558e-07,0.000394338722655267,9.63319629527915e-10,0.999605480013945
"57470",0.855305560723879,0.00787490982316221,0.0439953699035462,0.0928241595494126
"9731",0.995070963582376,1.35354897820726e-06,0.000173670575411654,0.00475401229323414
"1677",0.937598098461507,0.00168971182749392,0.0370421026805148,0.0236700870304846
"339448",0.4630827735173,0.00353499702910118,0.00184138072644488,0.531540848727154
"261734",0.0678884138912389,0.000565746533278034,3.9932827453656e-05,0.931505906748029
"8514",0.00504007050056336,0.133694012077871,0.000518345924267423,0.860747571497299
"6146",0.999116622403217,1.99417722400841e-07,0.000162412846719088,0.000720765332341145
"102724450",0.971856981811183,1.12172719070922e-05,0.000229050923176301,0.0279027499937333
"388591",4.81506284818326e-11,0.000335036666569509,2.94116583769775e-11,0.999664963255868
"23463",0.998271818861265,9.61750625897613e-07,0.000415416459543212,0.00131180292856578
"387509",1.08369825680141e-08,0.00362856371023755,1.42486868992735e-09,0.996371424027911
"11332",0.0367790398485066,0.000281321730868099,7.25872743319586e-06,0.962932379693192
"83715",6.12119676975179e-11,0.00080768863650482,6.90364367580093e-11,0.999192311233247
"8718",0.997291586416702,2.64646988755013e-06,0.00075866033179187,0.00194710678161823
"57449",0.999256098590609,1.73552366530405e-07,0.000175974994430495,0.000567752862594008
"79707",0.998510482243137,9.20942433793078e-07,0.000569545053615538,0.000919051760813418
"3104",0.980313829379208,3.06548574597258e-05,0.00125773441166336,0.0183977813516693
"9903",0.99781242084782,1.26496132930178e-06,0.00177089305259382,0.000415421138257291
"148479",0.864903807180867,0.00016486493472473,0.134327934561348,0.000603393323060136
"90326",0.0066179488259768,0.00692842389863495,0.986428989543711,2.4637731677197e-05
"55735",0.994203610192076,1.14324490390306e-05,0.00143342132845955,0.00435153603042503
"23261",0.999448388030983,1.10728908104766e-07,0.000165053745682909,0.000386447494426592
"9341",0.000223674978112983,0.000239615979473319,9.37181186193468e-08,0.999536615324295
"8863",2.08007026111683e-07,0.000493738353613024,1.61721062645938e-09,0.99950605202215
"3604",0.995407414202472,1.24428540268104e-06,0.000168365392857499,0.00442297611926757
"11315",0.998498652491126,7.04603232427187e-07,0.000362931824930226,0.00113771108071178
"54206",0.996965964788849,3.82696468292211e-06,0.00143492657574055,0.00159528167072752
"50651",0.00268320651813775,0.000853007423380085,2.76261772365147e-06,0.996461023440758
"473",0.102693306638362,0.000844676665989089,0.896412386186578,4.96305090710415e-05
"2023",0.98428295475242,4.78608017464824e-05,0.0137128574263861,0.00195632701944776
"80045",0.95926412068553,9.10198551396787e-05,0.00125357983892952,0.0393912796204004
"9563",0.999281155858147,1.74346597029419e-07,0.000190395964233099,0.000528273831022839
"80176",0.34013443659584,0.00479989942958129,0.00151473322349599,0.653550930751083
"84275",0.989102014672962,2.90636770241522e-05,0.00181487526336444,0.00905404638664954
"199953",0.980625879423571,7.84818399888208e-06,0.000234650965103277,0.0191316214273271
"5293",8.07772689625323e-09,0.000338814190525396,1.03811396873568e-10,0.999661177627936
"22883",0.998880957970831,4.95174729804185e-07,0.000407208294863549,0.000711338559575818
"56998",0.738952875915768,0.000114549561390861,0.000212387539509029,0.260720186983332
"84328",0.0109194854374584,0.00038447183196922,3.03497045280749e-06,0.988693007760119
"64802",0.947890775684717,0.000518911827608044,0.00727558408683498,0.0443147284008392
"116362",1.03527800145717e-06,0.000288880611850975,7.39955882200433e-10,0.999710083370192
"10277",0.967579934879653,1.09124266661419e-05,0.000197467849537218,0.0322116848441434
"23095",0.694082229489271,0.00741313616996136,0.288216891902675,0.0102877424380936
"5226",9.64507539592297e-08,0.00364504753018219,4.78181785926963e-09,0.996354851237246
"378708",0.996220585237591,9.98777059569323e-07,0.000166784665385038,0.00361163131996443
"1676",0.307280884889402,0.000435705127082078,0.000151222465269809,0.692132187518246
"5195",0.694434786988867,0.0280548270990329,0.231888089123133,0.0456222967889665
"54897",5.09434979897881e-06,0.884941397058481,0.115028509578555,2.49990131651584e-05
"148345",5.19193293542079e-06,0.000448626415074659,2.33503596713101e-08,0.99954615830163
"23435",0.949660045232245,1.51928145315135e-05,0.000179423017412829,0.050145338935811
"10747",1.44432513248132e-05,0.991028537221661,0.00329269531675676,0.00566432421025743
"6723",0.996684875617069,1.1119192976601e-06,0.000217079434621423,0.00309693302901198
"5394",0.0176845796995163,0.000302796557464267,3.62314098052941e-06,0.982009000602039
"2475",0.997844662474714,7.68802918284797e-07,0.000231650819655638,0.00192291790271243
"29914",0.235584712826074,0.00427510111606462,0.00082317786057217,0.759317008197289
"26232",2.31890101237915e-11,0.00234379750601544,8.36059650569792e-11,0.99765620238719
"93611",4.55408438660166e-07,0.000385598802859291,3.88442053786605e-09,0.999613941904281
"26270",0.997369160297357,1.82792938909987e-06,0.000507929902906283,0.00212108187034794
"10459",0.993814460358761,5.41364306948166e-06,0.00557114629135683,0.000608979706812436
"57085",2.03752131538015e-07,0.000654008906575812,1.27591564094615e-08,0.999345774582136
"4524",0.978236095706602,0.000197706390775192,0.0128916773992471,0.00867452050337604
"1185",0.994227544809565,3.24187945564275e-06,0.000351611325983161,0.00541760198499568
"4878",0.996091860866346,1.44993919470682e-06,0.000238473358595991,0.00366821583586336
"4879",0.0504701032435078,0.000319597454085165,1.27622492547043e-05,0.949197537053152
"90231",0.000733233751603948,0.353991711003959,0.000300850162437699,0.644974205082
"5351",0.981168792767562,4.55910832491631e-05,0.00163926630945535,0.0171463498397336
"9927",0.00183128875487928,0.000283887631290824,4.3872100704701e-07,0.997884384892823
"60672",0.93267741116529,3.77751075582291e-05,0.00032237329113378,0.0669624404360182
"55187",0.997830562854639,1.9778796298266e-06,0.00141240382918803,0.000755055436543625
"9249",7.5796326850813e-11,0.000230373352471381,1.82016069077608e-11,0.999769626553531
"343069",0.924408156163219,6.8289989182991e-05,0.000513892054923338,0.0750096617926744
"126755",0.985666458868877,3.47570099884994e-06,0.000153918315112723,0.0141761471150116
"10630",0.798006344697378,6.09856488835489e-05,0.00014967799183762,0.201782991661901
"7799",0.994365602382955,1.3445440744585e-05,0.00234623756394005,0.00327471461235993
"23254",1.20453639276937e-06,0.0919422143609286,1.87004917352456e-06,0.908054711053505
"55092",0.00228706732269155,0.000665778441473907,1.20610298137163e-06,0.997045948132853
"79180",0.868164641875893,0.0023474289506579,0.119675536269924,0.00981239290352459
"842",0.992819020050792,6.61357255273171e-06,0.000601686474060507,0.00657267990259464
"23341",0.998860511752722,4.1116573350248e-07,0.00028120904548445,0.000857868036059703
"84301",0.971907785975204,0.00013288540310017,0.024977162981124,0.00298216564057196
"6248",0.000785932303379979,0.219511921967915,0.7795652403329,0.000136905395804643
"23207",0.00126099048905966,0.000386103868414428,1.06430219489394e-06,0.998351841340331
"284723",0.000144082763602,0.97479797711074,0.0176716739873809,0.00738626613827742
"54751",0.0177379339695106,0.00045876109064025,5.52234351329435e-06,0.981797782596336
"440567",0.999197750295923,3.00507023766134e-07,0.000385579973636907,0.000416369223416678
"729614",2.84105974461778e-11,0.000347933838919313,1.77845712395882e-11,0.999652066114886
"23013",0.989842708363932,2.99273768432006e-05,0.00220320164190036,0.00792416261732451
"7709",0.998036981642634,8.74786256514106e-07,0.000312762275530681,0.00164938129557904
"27129",0.000564485501102501,0.000259395788937044,1.18354093045776e-07,0.999176000355867
"1187",1.23065305271141e-06,0.000434009740576237,2.30943614694314e-09,0.999564757296935
"1188",3.6557505755287e-06,0.000304757182565012,3.55799736406061e-09,0.999691583508862
"348487",0.935914410822608,4.69689026179347e-05,0.000410488041859832,0.0636281322329142
"1969",1.69214307721814e-07,0.00285231321509565,4.24253324552159e-09,0.997147513328063
"128272",0.904934135400226,2.70342249451675e-05,0.000159739926914162,0.0948790904479149
"79363",0.961020550517461,4.48445483170974e-05,0.000699035222950231,0.0382355697112719
"54455",0.0456461180322043,0.039939699029333,0.913362963159713,0.00105121977874979
"26099",0.152132974863622,0.000290512932872434,3.74364597954535e-05,0.84753907574371
"55707",0.990839900488395,5.98258464808437e-06,0.000431276475350526,0.00872284045160613
"114819",0.000404530716722866,0.00232343799705672,4.83337048097075e-06,0.997267197915739
"55672",0.998797413187746,4.66504349799401e-07,0.000303477883184474,0.000898642424719738
"84809",0.999243062515688,2.44341862725565e-07,0.000321383226354967,0.000435309916094834
"11209",0.814709824642831,0.00216657072301138,0.173560191156217,0.00956341347794096
"26869",0.998925303551668,3.54973865232208e-07,0.000257656039897236,0.000816685434569666
"11223",3.36312932253803e-09,0.0193762613439988,3.90713883635069e-09,0.980623731385733
"9696",0.000145032850735564,0.000488466396351327,1.92968866739633e-07,0.999366307784046
"26870",0.998947671966091,3.18947891739445e-07,0.000230539803310163,0.000821469282707293
"4237",0.996207223532602,2.65917126974089e-06,0.000468821666331007,0.00332129562979722
"23400",0.999214492333484,2.57002330958329e-07,0.000316466796734896,0.000468783867450568
"6390",0.977184054425559,1.09002871018323e-05,0.000272727603769673,0.0225323176835693
"11240",0.995730395950176,1.36525090714126e-06,0.000204652421629481,0.00406358637728775
"55920",3.17502434778098e-05,0.000774864099396343,3.90734285713164e-08,0.999193346583697
"55160",0.0199624221428328,0.0161098569823468,0.000216318043851098,0.963711402830969
"127707",1.52603607185957e-08,0.00216735964956629,4.05709666654163e-09,0.997832621032976
"8659",0.998773974291684,6.64292634122418e-07,0.000686802275107846,0.000538559140573786
"126917",0.000222466644464301,0.00042856991399734,8.2497652731358e-08,0.999348880943886
"23352",0.996946358954266,3.79132782705202e-06,0.00107349704113011,0.00197635267677666
"23065",0.999423111137762,1.29896258475509e-07,0.000199280450565493,0.000377478515414599
"51154",0.907670280251397,4.72011346260654e-05,0.000285039427901381,0.0919974791860759
"22977",0.48623484319714,0.00468970461953335,0.00253815810340796,0.506537294079919
"100506730",0.999111702017125,2.61835594662931e-07,0.000239383578844059,0.000648652568436788
"8574",0.926980907011425,0.000227984781324075,0.0710928048721091,0.00169830333514189
"54896",0.263663122752663,0.000302733222416673,7.65251249965747e-05,0.735957618899924
"832",0.988378740464527,3.39100872726313e-06,0.000181732189161926,0.011436136337584
"440574",0.997857598803351,8.82089164663669e-07,0.000277262654466069,0.00186425645301765
"644068",0.998291625416508,1.25432330607121e-06,0.00099410976179076,0.000713010498395204
"255104",0.996445853364833,1.09704882033861e-06,0.000245839435146726,0.00330721015119966
"23252",5.48592398705569e-05,0.000204345262818976,1.71413629491658e-08,0.999740778355948
"127733",0.389301636931559,0.141345209224043,0.395097196063675,0.074255957780723
"55450",0.999229454833946,1.56441446501488e-07,0.000161760462720406,0.000608628261887429
"79594",0.930941562541743,8.76622994832213e-05,0.000718887511731509,0.0682518876470428
"163933",0.000137483817826844,0.000395901484243681,5.25565646986464e-08,0.999466562141365
"65018",0.922206012416788,0.000992635305539487,0.00782672334246229,0.0689746289352103
"100861548",2.44394155970216e-06,0.0021854382747158,1.58025216753399e-08,0.997812101981203
"1650",0.776984292836452,0.00116888788211364,0.00249680192529484,0.21935001735614
"57576",2.75047035591249e-11,0.000213587410478148,7.3750154351121e-12,0.999786412554642
"400745",9.4066159168908e-09,0.00020170876850594,7.27810827030411e-11,0.999798281752097
"50809",0.99922661851614,2.05625731074795e-07,0.000223101008360391,0.000550074849768776
"8672",0.99877758712824,4.62286930879796e-07,0.000284778153180183,0.000937172431649011
"1889",0.708961405919529,0.000116467126926665,0.000179938809727542,0.290742188143817
"84224",0.00350674965574744,0.00125699700634961,3.36591486383952e-06,0.995232887423039
"249",0.000966225685032777,0.00047797813616611,6.50879987116479e-07,0.998555145298814
"5909",2.55180826812191e-07,0.000788183052996227,7.99297774281873e-10,0.999211560966879
"84196",0.998402588890936,4.34444770615708e-07,0.000183140454651012,0.00141383620964212
"3339",0.99941750470704,1.18962531950429e-07,0.000168200871014606,0.000414175459413378
"29092",0.985261353065918,6.35000867050941e-05,0.0116696917903594,0.00300545505701683
"998",0.964443564248944,9.51161364575372e-06,0.000208767261162575,0.0353381568762476
"54361",6.8107065018977e-09,0.000343119500683843,6.75098233265393e-11,0.9996568736211
"9923",0.988079244409831,4.1733964552138e-05,0.009474046630637,0.00240497499498016
"2048",0.000849247298392095,0.000262687416889485,1.78691038150077e-07,0.99888788659368
"23028",0.998857707056727,5.08135690001372e-07,0.000372993254519153,0.000768791553063479
"7798",0.0254343068109188,0.0502714490681489,0.923549409407766,0.000744834713166391
"100996511",0.0100119907213859,0.813320641716022,0.1433660378842,0.0333013296783923
"10236",0.0296489483928723,0.000997041605207968,2.172562440484e-05,0.969332284377515
"80818",0.994614432156362,4.35500217216833e-06,0.000495924393936219,0.00488528844752992
"148898",0.000357039163793296,0.000750208006078512,2.50042276834005e-07,0.998892502787851
"6920",0.357535973503526,0.00027635555174592,0.000103162360397699,0.64208450858433
"55616",0.997919343253013,1.88468239313798e-06,0.000771346345820209,0.00130742571877362
"1870",1.37065728948961e-07,0.000274322601288342,5.95491247347941e-10,0.999725539737492
"3399",1.13244867281713e-08,0.974421732601566,3.96481864047903e-06,0.0255742912553072
"6135",0.999281714065874,2.1313473653125e-07,0.000284497868549368,0.000433574930840155
"6924",0.00598581977449198,0.000550760662051309,3.75869784051094e-06,0.993459660865616
"57095",2.569231061087e-06,0.0123266813196079,6.07386452346989e-07,0.987670142062879
"11313",1.65505140593092e-10,0.00400705379493051,3.91657883071056e-10,0.995992945647907
"2582",3.937594794955e-09,0.00189436491838176,7.81241828956767e-10,0.998105630362782
"3155",9.73511218305013e-08,0.0727645667311069,3.24368580520628e-08,0.927235303480913
"2517",3.84921241457312e-08,0.00434863326254702,2.88485675988445e-09,0.995651325360472
"55629",0.00148290053163041,0.00116073897663072,0.997355366745617,9.93746121861657e-07
"10772",0.00265963064893664,0.00152051610685941,2.92468686487712e-06,0.995816928557339
"163702",0.00661732845241681,0.000520894840284924,2.7136581768135e-06,0.992859063049121
"57822",8.4309227088817e-12,0.0327507464330141,4.86894617064956e-10,0.96724925307166
"90529",0.972209954517514,0.00012803393647594,0.00314128839289872,0.0245207231531115
"57185",0.993498715025403,3.74184392133633e-06,0.000380840894961062,0.00611670223571439
"11123",0.972399088249913,1.98411483995244e-05,0.00042100759740202,0.027160063004286
"100506985",0.998877898543349,3.44932018300882e-07,0.000221200294360796,0.000900556230272417
"10250",0.977536125724542,8.22329655289457e-06,0.000220717134479348,0.022234933844426
"25932",0.449211837419636,0.000158355161405065,9.40455919196953e-05,0.550535761827039
"25949",6.3794148492865e-05,0.0305747577420442,2.86378875109474e-06,0.969358584320712
"57035",0.0030063775826959,0.522661831553383,0.00204161336073764,0.472290177503184
"23585",0.973535072182557,9.13805687854356e-05,0.0235721041099111,0.00280144313874621
"55219",0.99895411548237,4.79043040010903e-07,0.000486641572452464,0.000558763902137856
"26119",0.0125675889279309,0.000410969456517366,5.26118928278949e-06,0.987016180426269
"57134",0.552515998389426,0.000513212080297688,0.000589382099945715,0.446381407430331
"57190",0.0533434153559577,0.000794491599336002,2.93772869375208e-05,0.945832715757769
"56181",0.999301185799094,1.54068186115194e-07,0.000167751243279712,0.000530908889440237
"646471",0.0169401860440947,0.000372776815967672,4.52859670961937e-06,0.982682508543228
"79000",0.000417023873199657,0.00170538258251297,8.09918862107185e-07,0.997876783625425
"164091",1.32041175879819e-09,0.000208708149181764,7.24670178663775e-11,0.999791290457939
"3925",0.471596584400233,0.00021013087105296,0.000126285047313785,0.5280669996814
"5051",0.953421049365302,2.22936496829961e-05,0.00069011623480652,0.0458665407502086
"2134",0.0345688202340354,0.000277921517808719,9.09139847478907e-06,0.965144166849681
"7780",1.19571008207333e-08,0.000306649736566611,1.40114070994974e-10,0.999693338166218
"84676",0.224214868498077,0.000232180831609958,5.27130523119441e-05,0.775500237618001
"149420",6.90102348201237e-10,0.912438287986264,2.15671921058403e-07,0.0875614956517125
"79927",0.910269213243008,0.000259681893563213,0.0879663805566691,0.00150472430675953
"51042",0.674220553600768,0.000216877190977125,0.000282394861954325,0.3252801743463
"10256",0.989714379965205,3.92027450230544e-06,0.00023656346242106,0.0100451362978715
"64793",4.14523748996337e-08,0.00143689430589216,5.67854514995075e-10,0.998563063673878
"83442",0.999278029985614,1.68103159426681e-07,0.00020509366353322,0.000516708247693008
"91544",0.522398964843438,0.000834403304121242,0.000587215836893961,0.476179416015547
"79947",0.976119506689937,1.37416484417373e-05,0.000401523443337538,0.0234652282182841
"3151",0.996994605545394,2.5215048073578e-06,0.00241244243024508,0.000590430519553961
"6195",8.75477608704012e-08,0.000271788400876786,1.28489209597498e-10,0.999728123922873
"101928728",4.59469166880884e-05,0.0013325297714784,8.19226623681811e-08,0.998621441389171
"8289",0.854592499509247,0.000145402814108717,0.144803113445306,0.000458984231338305
"55650",0.0201486987892302,0.00251095333532525,0.000115336711152524,0.977225011164292
"84243",0.001037430611571,0.0371094724614248,3.04611851511099e-05,0.961822635741853
"54707",6.28133757328523e-05,0.000314658173053891,3.60587632733213e-08,0.99962249239245
"63906",0.992172856156908,2.26860460731304e-05,0.00411524947485299,0.00368920832216634
"10726",0.482682677258841,0.000773280094140579,0.000459783108814057,0.516084259538204
"388610",0.292825650587419,0.000413184902135237,0.000105609140535475,0.70665555536991
"115572",0.000213008393037601,0.577931022782922,0.000461680929913163,0.421394287894127
"6548",6.88875489553208e-10,0.0180502779917743,2.50116685083173e-09,0.981949718818183
"23038",0.863449785547072,4.16899015232358e-05,0.00016482156443061,0.136343702986974
"84065",1.60855317149661e-07,0.00148936090160395,1.58160287406307e-08,0.99851046242705
"644961",0.978566439375389,6.74157456603421e-06,0.00019004677020098,0.0212367722798444
"84958",1.21910605325919e-10,0.0337964413129633,2.83253257157743e-09,0.966203555732593
"9064",2.58129079394324e-05,0.0822196768379449,3.67500275444834e-06,0.917750835251361
"2827",0.964356438526126,0.000415206351472534,0.00881006591171755,0.026418289210684
"10163",0.913403047897533,0.00104392372040507,0.0789360192734469,0.0066170091086151
"27245",4.63823963701806e-12,0.0297647466452319,0.970235253349947,1.83432395747523e-13
"2537",0.549430446301766,0.000212744666123495,0.000162681745154005,0.450194127286956
"199870",0.432917476988358,0.0127253619455676,0.00575531511049724,0.548601845955577
"23673",5.99305949100954e-10,0.000184190416453287,7.73464236370393e-11,0.999815808906894
"5511",0.998283267895272,9.36452793151458e-07,0.000530809342064267,0.00118498630987091
"6118",0.0793800680206312,0.0013608078115158,7.81321677666137e-05,0.919180992000086
"27293",0.993006180596785,2.66375370058704e-06,0.000238481895350496,0.00675267375416365
"55113",0.999279851969457,1.93512560509447e-07,0.000229910099626004,0.000490044418356117
"2140",0.983530904917564,2.4051214818962e-05,0.0156066599678474,0.000838383899769273
"22826",7.12534433476281e-06,0.000233300683171089,9.26807986333682e-09,0.999759564704414
"93974",0.993879847402996,1.87460412708907e-06,0.000205270510711205,0.0059130074821654
"83667",5.0921515942904e-19,0.999999770316428,1.11107702901297e-08,2.18572801947484e-07
"54797",0.000744207076612142,0.0241062731165797,1.51469675870135e-05,0.975134372839221
"65979",0.834661717535751,0.000689260803749453,0.00224297723278094,0.162406044427719
"1104",0.998893047811069,4.86403778990062e-07,0.000406027565898891,0.000700438219252994
"8420",1.16312942856921e-09,0.999379937427849,4.04806174125138e-06,0.000616013347280483
"54952",0.960263742783078,5.49814091634397e-05,0.000859252014627183,0.0388220237931312
"85028",1.58908482302638e-05,0.993782349063778,0.0030367277786654,0.00316503230932634
"6883",5.1254315665143e-05,0.000200507128879888,2.45988781072248e-08,0.999748213956577
"10691",0.0116351981270187,0.478169914792064,0.0101236174506615,0.500071269630256
"51441",0.98948320933633,4.34863782092001e-05,0.00371494215032249,0.00675836213513843
"2035",0.999263826927465,1.93790129607453e-07,0.000218407486190556,0.000517571796214961
"399474",1.02575011315735e-08,0.00795460686229869,2.94353595920207e-09,0.992045379936664
"6429",0.397333933770419,0.00111897292022332,0.601148225527596,0.000398867781762256
"51102",0.991060216376967,6.53704754988396e-06,0.000429770240887458,0.00850347633459581
"10076",2.12010531896131e-08,0.00099903974543415,1.6603162804623e-09,0.999000937393196
"9672",3.45706306924595e-06,0.000941742002402045,7.10356841231757e-09,0.99905479383096
"9698",0.011915253011527,0.00724998655588102,0.980788379323263,4.63811093286065e-05
"79570",0.120366187239186,0.000228647090624752,2.09814514053006e-05,0.879384184218784
"9410",1.40874381781655e-08,0.00872525577713643,4.01292631197181e-09,0.991274726122499
"51538",2.66391967853649e-05,0.000434928926650461,1.55056053047701e-08,0.999538416370959
"2170",0.00112308057250836,0.000570550782978543,4.99073448988605e-07,0.998305869571064
"347735",0.791015288768657,0.000255996190509293,0.000612449160215006,0.208116265880619
"64129",0.99841989578435,5.23169475860774e-07,0.000230260181626927,0.00134932086454724
"553115",0.477250511225292,0.000128387607215201,9.89434374741774e-05,0.522522157730019
"1307",0.25154984010234,0.000549879605736981,0.000113922570449195,0.747786357721474
"576",0.000191205016665144,0.0241373136078371,4.91385725136669e-06,0.975666567518246
"90853",0.999421145675957,1.08495583694186e-07,0.000151714602257409,0.000427031226201827
"8073",0.997985397431635,1.70843049387583e-06,0.00115785572338478,0.000855038414486512
"10657",0.430404707380324,0.000192570923588154,9.16308963690271e-05,0.569311090799719
"55116",6.60311621612529e-06,0.00150317844590006,1.28740689551285e-08,0.998490205563815
"23633",0.4888738658787,0.000130787109661795,8.30935178873038e-05,0.510912253493751
"200081",2.13081573703516e-05,0.000414255502834941,4.28297776741805e-08,0.999564393510017
"79140",2.25704250225799e-08,0.00299377625803768,1.54553991196911e-09,0.997006199625997
"56063",0.995136860449959,6.80039865648378e-06,0.00167068189030083,0.00318565726108348
"55721",8.62927490086357e-12,0.996077778378816,1.47013854498058e-07,0.00392207459870011
"8668",0.504559352282984,0.000637121360314616,0.000495421779822447,0.494308104576879
"339483",4.16693686947382e-06,0.0137032334641141,2.45314764589224e-07,0.986292354284252
"3065",4.81086881836857e-05,0.00040708122466651,4.20824060582686e-08,0.999544768004744
"65108",0.999291105219848,1.86719332049024e-07,0.000216091673608032,0.000492616387212175
"100128071",2.0705075253706e-06,0.934124693859915,0.000149062116108859,0.0657241735164505
"81629",1.66861113208452e-17,0.999999740096556,5.41818516256214e-08,2.05721592480205e-07
"55108",0.0146881774026975,0.00118141214432484,1.33548575496591e-05,0.984117055595428
"653121",0.00012223872695053,0.000594484764193095,1.3349964840201e-07,0.999283143009208
"339487",0.997845530976288,1.63013044027367e-06,0.000635607500214812,0.00151723139305729
"5928",0.999167534698813,2.41135719776117e-07,0.000222427848543451,0.000609796316923535
"81493",8.07948259649564e-07,0.00483190108102579,3.21367168680516e-08,0.995167258833998
"57648",0.986998815432838,3.89572572122885e-05,0.0021529384851734,0.0108092888247759
"8565",0.0629619476834549,0.000233958001333493,1.24889583887398e-05,0.936791605356823
"64766",0.991755458806137,2.21899676965053e-06,0.000166463860595123,0.00807585833649826
"252995",2.90302803337879e-05,0.000343718598793777,2.14628223367074e-08,0.99962722965805
"113452",0.998735234722179,5.6910103612207e-07,0.000367308964183767,0.000896887212601044
"127544",4.28359364869702e-13,0.988529616019464,3.25950647216224e-08,0.0114703513850427
"204",0.936475856336988,1.94464137270665e-05,0.000179933398750422,0.0633247638505346
"113451",0.0271864725443633,0.0559743223209504,0.000993812354404002,0.915845392780282
"55223",0.547869802316452,0.000178634351761955,0.000138207409013698,0.451813355922772
"149076",0.986583743145873,4.00178482128712e-06,0.000181838416519108,0.0132304166527864
"1912",0.00411177390520219,0.00277691518918163,0.993104165807645,7.14509797095727e-06
"7579",0.00520853889238394,0.008851660674627,0.98591006366356,2.97367694290395e-05
"114784",0.998603074272498,4.05991588392177e-07,0.000205430781265351,0.00119108895464849
"113444",0.997833719108508,1.43373818927113e-06,0.000830514782896454,0.0013343323704064
"100506144",0.000260513540804504,0.000298358776576143,1.19567464981329e-07,0.999441008115154
"9204",6.95199780298309e-07,0.927593509995171,0.0724005571597082,5.23764534042823e-06
"79830",9.23405392833318e-15,0.999928861030426,9.08107931208947e-08,7.10481587713002e-05
"6421",3.77941952120599e-05,0.922710010263288,0.0769956869707561,0.000256508570743221
"9202",0.000414327483450156,0.871059996766628,0.126955206277045,0.00157046947287692
"79932",0.995125646874478,3.73822988945884e-06,0.00441154789372503,0.000459067001907275
"23154",0.99239050207588,9.55464382945243e-06,0.00665746874225049,0.000942474538040066
"5690",0.998955997482903,2.62017222729934e-07,0.000182838461858976,0.000860902038015498
"127703",0.996430133530529,1.86492200269786e-06,0.000348984250190844,0.00321901729727768
"63967",5.44472371505735e-07,0.000178676760823441,5.87638775598051e-10,0.999820778179166
"192670",0.122895328382576,0.0121417944508432,0.00104366850096702,0.863919208665614
"26523",0.0977551066739583,0.000510828560951132,3.55259879106855e-05,0.90169853877718
"192669",0.999206016164837,1.99638707861008e-07,0.000193869134290237,0.000599915062164843
"54936",1.14944726735487e-10,0.993173226261522,2.98981089894174e-07,0.00682647464244329
"27095",0.987393331463611,4.15198107394248e-06,0.000735839402331516,0.0118666771529837
"55700",0.998984458531509,4.09616386921464e-07,0.00038214618306045,0.000632985669043975
"9967",0.992671880725948,1.16735366495903e-05,0.00110201774571669,0.00621442799168511
"79729",0.999132982568859,3.04466517881258e-07,0.000343551341787463,0.000523161622836394
"55194",0.999013225543547,2.68565040023222e-07,0.000210191920003879,0.000776313971409685
"83931",0.208101389000977,0.00168318370548961,0.000319721616067522,0.789895705677466
"84967",0.888153945394361,0.00580850788874318,0.050186145115431,0.0558514016014648
"127700",3.34568623107319e-05,0.00239130442138519,7.58305047703807e-07,0.997574480411257
"64960",0.998675954276986,5.40039257148882e-07,0.000292011063296662,0.00103149462045987
"80149",0.930419613082542,0.000350009782597659,0.00280812426658498,0.0664222528682751
"64769",0.983803035119763,4.7719236216223e-05,0.00303846984578194,0.0131107757982391
"79753",9.15295606453501e-05,0.0625034950254679,0.937401461257773,3.51415611396244e-06
"7802",0.0104510711753164,0.000336941669258176,2.76125140498001e-06,0.98920922590402
"29889",0.00998914539626495,0.000339347550059755,2.3745602765555e-06,0.989669132493399
"54955",0.999143349602547,3.03114186266548e-07,0.000333268992791047,0.000523078290475885
"55143",2.0952538163248e-10,0.251526165760455,1.95991185145359e-08,0.748473814430902
"149175",2.52575195725492e-07,0.000422021252412721,5.62430966576036e-10,0.99957772560996
"79693",0.997061302749545,1.81644053330531e-06,0.000425929876713307,0.00251095093320816
"127687",0.958880422856026,0.000267381340725866,0.00402427367968379,0.0368279221235641
"4520",0.937607879860121,4.42477074481184e-05,0.000427755634299791,0.0619201167981311
"3633",0.99368061550801,1.71138107716832e-05,0.00224283447617102,0.00405943620504739
"10946",0.999153280435733,2.0286384944643e-07,0.000195902039138747,0.000650614661278988
"2275",1.38319886524476e-06,0.0477957183643256,9.93667666626702e-07,0.952201904769142
"51118",0.996263571105917,1.90078902888629e-06,0.000344682664782752,0.00338984544027109
"5453",1.47060267929643e-16,0.999948541641099,1.52190217092711e-08,5.14431398787257e-05
"64121",6.34295712688647e-10,0.000910569968037266,6.03515802638897e-11,0.999089429337316
"79647",3.91431143257102e-07,0.000286299807053625,1.03626789239341e-09,0.999713307725535
"4725",0.998821709631112,5.34537325068393e-07,0.00036977370751218,0.000807982124051069
"23499",0.996497566951901,3.17810095992881e-06,0.0028861678431656,0.000613087103973582
"643314",0.992696887869992,2.15107381459901e-05,0.00322156450817015,0.00406003688369161
"353500",2.58303628607162e-12,0.0544731739917762,6.79571509381647e-10,0.945526825326069
"8761",0.694808995732227,0.000101556935496283,0.000149984798807544,0.304939462533469
"26508",0.681944645762336,0.000269139909428757,0.00035762128545743,0.317428593042778
"10450",0.995907513597778,4.25569823086466e-06,0.000765450870061684,0.00332277983393003
"656",4.2708829377742e-08,0.000428587886218011,3.32703967496945e-10,0.999571369072249
"54802",0.000997927265975691,0.00118548614878786,9.90566550604583e-07,0.997815596018686
"4610",0.00645113331996899,0.00673083816066136,0.986795474741862,2.25537775075752e-05
"84879",0.967916212565098,0.000219023033610923,0.00447059793183347,0.0273941664694577
"10487",0.992919195510469,1.73261418799238e-06,0.000151985822869482,0.00692708605247335
"5538",0.161302802347598,0.00028730824293666,3.56664353108671e-05,0.838374222974154
"6018",0.987685270790469,2.77559729184397e-05,0.0108119147249621,0.00147505851165052
"10269",0.998926702908196,2.80661168610705e-07,0.000186761612379979,0.000886254818255664
"1298",3.34033818023311e-11,0.000218376875973735,4.38383141415347e-12,0.999781623086239
"64744",8.95810338275328e-08,0.000545840040377636,8.450575392509e-10,0.999454069533531
"65243",0.974391621900358,5.50494582146417e-05,0.0243893345395206,0.00116399410190729
"339559",0.00156487625668287,0.934623086326085,0.0397655272874049,0.0240465101298274
"64789",2.20444722396189e-09,0.000320519191115155,1.1529970650874e-10,0.999679478489138
"127396",0.995762222839181,4.9379237172285e-06,0.000877559507311869,0.0033552797297901
"9783",0.0533735655018048,0.000476187472582721,2.36982247772067e-05,0.946126548800835
"100130557",0.998607592287923,7.19831041691118e-07,0.000644806067271469,0.000746881813764337
"4802",0.958897191973331,1.58222686808091e-05,0.000220614763210626,0.0408663709947777
"9132",2.30279630397174e-05,0.000542108517077898,7.68128944760226e-08,0.999434786706988
"163732",0.983971372322084,6.49606436346185e-06,0.000246562069034861,0.0157755695445183
"1503",0.00335503915989726,0.000275083514557605,8.2878960130028e-07,0.996369048535944
"22955",0.00319887884210759,0.000520004625717058,1.23351473814471e-06,0.996279883017437
"100132074",0.988318400579591,5.60551156577426e-06,0.000287283166042029,0.0113887107428011
"1907",0.00201703861145165,0.497501088118276,0.00137614576961151,0.499105727500661
"59269",0.00239997618323978,0.0148378603777394,4.14632034171528e-05,0.982720700235604
"22887",0.183131604804595,0.00064353532724777,0.816151003632513,7.38562356446408e-05
"284716",0.837967046117739,5.62606800637459e-05,0.000181405462684887,0.161795287739513
"79717",0.999024359517405,2.79115685057623e-07,0.00022353789565394,0.000751823471255524
"728621",0.991329545281703,2.5643254577799e-06,0.000190195743356216,0.00847769464948262
"10465",5.35636622998564e-06,0.000312094924410989,8.95684354074694e-09,0.999682539752516
"4904",0.118081112194602,0.000293909225611189,2.57291457967398e-05,0.88159924943399
"64175",0.96884872163617,1.46737111831746e-05,0.000284628838451214,0.0308519758141958
"79078",0.953098823087865,0.000180960280488621,0.0443384992699747,0.00238171736167096
"374969",0.175097168754524,0.000323826322940008,4.44862652366961e-05,0.8245345186573
"114625",0.99902375036647,4.05647944084539e-07,0.0004296348838739,0.000546209101712021
"51058",2.91304372053565e-05,0.807743501956923,0.192159557599472,6.78100064004997e-05
"6513",0.984510817528961,1.4999286867672e-05,0.0149338940937257,0.000540289090445616
"440584",0.994910444703382,1.47382337017341e-06,0.000181112116652668,0.00490696935659471
"10969",0.99894699251976,2.87467654709894e-07,0.000203575551598027,0.000849144460987624
"149465",3.40551707429844e-05,0.00051039521918125,4.51603578604732e-08,0.999455504449718
"128218",0.993107601039097,1.50891166020985e-05,0.00155791094456224,0.00531939889973881
"991",1.45155354457817e-11,0.000551877388702164,1.04676920994533e-11,0.999448122586315
"64834",0.999039077492951,2.19923417462337e-07,0.000163764386629616,0.000796938197002114
"112950",0.507192526512452,0.000699947282748721,0.491700066438607,0.000407459766191986
"23334",0.00355971302999995,0.000218281448662247,1.14662835902815e-06,0.996220858892979
"5792",0.997002996538098,1.05565986930097e-06,0.000229130039838485,0.00276681776219388
"9682",0.996125510213716,5.80495342629178e-06,0.00135512258233592,0.00251356225052231
"6487",0.000806783093408689,0.000275397209348732,1.97043259342578e-07,0.998917622653983
"9048",0.000368882813752882,0.000406171891458195,1.70951943338687e-07,0.999224774342846
"9670",3.56205747459622e-05,0.000555507143352071,2.69685620415758e-07,0.999408602596282
"1802",0.997672740768048,2.29413738275496e-06,0.00123824479172289,0.00108672030284671
"533",0.93368317209274,0.000136451854305413,0.00124449760880948,0.0649358784441451
"8704",0.994026334592536,2.69786811359352e-06,0.000284331322259809,0.00568663621709041
"149473",0.945476850477271,0.00107380895392333,0.0164644399240147,0.0369849006447904
"6536",2.68025102206736e-06,0.000835366081633695,6.73310157803301e-09,0.999161946934243
"55929",0.977771498510848,0.00011686490538541,0.0177991568123786,0.00431247977138833
"79033",0.800200011440229,7.24917171820385e-05,0.000182178925448477,0.199545317917141
"55182",1.08925177491851e-06,0.0529588248913414,2.58480127175938e-07,0.947039827376757
"79639",0.898599743973441,6.84877857911938e-05,0.000365356283764318,0.100966411957003
